0.313131
0.323232
0.50505
0.525253
0.353535
0.444444
0.434343
0.636364
0.590505
0.590505
0.291313
0.474747
0.272727
0.171717
0.444444
0.10101
0.173232
0.204747
0.313131
0.606061
0.383838
1
54.2756
53.937
0.440945
0.598425
0.440945
1
1
0
0.992126
0.313131
0.525253
0.40404
0.343434
0.323232
0.191919
0.292929
0.343434
0.10101
1
1
0.222222
0.131313
1
1
1
1
0
1
1
0.763737
1
0.929134
0
0
0
0
0
0
0
0
0
0
0
0
0
0
0
0
0
0
0
0
0
0
105.984
75.5039
1
1
1
0
0
0
0
0
0
0
0
0
0
0
0
0
0
0
0
0
0
0
0
0
0
0
0
0
0
0
0
0
0
0
0
0
0
0
0
0
0
0
0
0
0
0
0
0
0
0
0
0
0
0
0
0
0
0
0
0
0
0
0
0
0
0
0
0
0
0
0
0
0
0
0
0
0
0
0
0
0
0
0
0
0
0
0
0
0
0
0
0
0
0
0
0
0
0
0
0
0
0
0
0
0
0
0
0
0
0
0
0
0
0
0
0
0
0
0
0
0
0
0
0
0
0
0
0
0
0
0
0
0
0
0
0
0
0
0
0
0
0
